10
0 69 29 56 62 82 85 9 89 37
69 0 23 86 83 43 16 7 97 75
29 23 0 47 9 75 2 88 58 84
56 86 47 0 90 19 91 11 50 78
62 83 9 90 0 82 5 22 88 98
82 43 75 19 82 0 51 92 75 13
85 16 2 91 5 51 0 21 63 74
9 7 88 11 22 92 21 0 39 73
89 97 58 50 88 75 63 39 0 61
37 75 84 78 98 13 74 73 61 0
